10000 10001
10002 10003
10004 10005
10006 10007
10006 10008
10009 10005
10009 10010
10011 10012
10011 10013
10011 10014
10011 10015
10011 10016
10011 10017
10011 10018
10011 10019
10011 10020
10011 10021
10022 10018
10022 10020
10012 10018
10012 10021
10023 10024
10025 10026
10025 10027
10028 10029
10028 10030
10031 10032
10013 10009
10013 10033
10013 10034
10013 10035
10013 10036
10013 10037
10013 10038
10013 10039
10013 10040
10013 10041
10013 10042
10013 10043
10013 10044
10013 10045
10013 10046
10013 10047
10013 10048
10013 10049
10013 10050
10013 10051
10013 10052
10013 10053
10013 10054
10013 10055
10013 10056
10013 10057
10013 10015
10013 10058
10013 10059
10013 10016
10013 10017
10013 10060
10013 10061
10013 10062
10013 10063
10013 10064
10013 10065
10013 10066
10013 10067
10013 10068
10013 10024
10013 10069
10013 10070
10013 10071
10013 10072
10013 10027
10013 10073
10013 10074
10013 10075
10013 10076
10013 10077
10013 10078
10013 10029
10013 10019
10013 10079
10013 10080
10013 10081
10013 10082
10013 10083
10013 10084
10013 10001
10013 10085
10013 10086
10013 10087
10013 10088
10013 10089
10013 10090
10013 10091
10013 10092
10013 10093
10013 10094
10013 10095
10013 10096
10013 10097
10013 10098
10013 10099
10013 10100
10013 10101
10013 10102
10013 10103
10013 10104
10013 10105
10013 10106
10013 10003
10013 10107
10013 10108
10013 10109
10013 10110
10013 10111
10013 10112
10013 10113
10013 10114
10013 10115
10116 10117
10118 10119
10118 10120
10118 10059
10118 10121
10118 10122
10123 10124
10123 10122
10035 10059
10125 10119
10125 10120
10125 10059
10125 10121
10125 10024
10125 10090
10125 10096
10126 10127
10126 10128
10129 10119
10129 10120
10129 10127
10129 10121
10129 10083
10129 10124
10130 10024
10131 10128
10132 10133
10134 10056
10134 10133
10037 10122
10135 10055
10135 10136
10135 10026
10135 10073
10135 10078
10135 10137
10135 10138
10135 10110
10139 10140
10141 10137
10038 10142
10143 10080
10144 10070
10145 10078
10145 10008
10146 10136
10146 10073
10146 10110
10147 10148
10147 10073
10147 10149
10147 10096
10147 10122
10039 10150
10040 10056
10041 10098
10048 10089
10140 10028
10140 10151
10140 10069
10140 10102
10152 10016
10152 10075
10053 10153
10053 10121
10151 10121
10119 10121
10055 10153
10120 10121
10015 10076
10154 10155
10154 10156
10157 10158
10018 10021
10060 10001
10159 10092
10159 10093
10066 10155
10066 10160
10066 10156
10161 10110
10067 10149
10024 10121
10069 10135
10069 10162
10070 10126
10070 10144
10070 10016
10072 10149
10026 10153
10075 10016
10076 10015
10163 10149
10079 10079
10080 10016
10080 10127
10001 10000
10001 10002
10001 10060
10164 10165
10088 10166
10166 10088
10167 10168
10169 10089
10089 10107
10170 10090
10092 10093
10149 10147
10149 10067
10149 10072
10095 10028
10095 10014
10095 10077
10095 10029
10095 10030
10095 10171
10095 10172
10173 10174
10173 10108
10098 10009
10101 10089
10101 10107
10102 10056
10175 10104
10176 10104
10104 10175
10133 10028
10133 10056
10133 10066
10133 10155
10133 10156
10177 10003
10003 10002
10003 10177
10107 10089
10178 10112
10155 10066
10155 10133
10155 10160
10155 10156
10179 10015
10179 10072
10179 10076
10172 10180
10021 10181
10182 10183
10183 10016
10183 10184
10183 10185
10183 10075
10186 10187
10160 10146
10160 10066
10156 10066
10156 10133
10156 10160
10188 10056
10188 10066
10188 10030
10188 10133
10188 10155
10189 10190
10189 10102
10191 10001
10191 10191
10192 10192
10192 10162
10192 10193
10162 10153
10162 10194
10162 10007
10162 10078
10162 10096
10162 10008
10162 10138
10162 10111
10162 10193
10193 10153
10193 10007
10193 10078
10193 10096
10193 10008
10193 10138
10193 10162
10195 10196
10195 10197
10195 10198
10195 10199
10195 10200
10195 10201
10195 10202
10195 10203
10195 10204
10195 10205
10195 10206
10195 10207
10195 10208
10195 10209
10195 10210
10195 10211
10195 10212
10195 10213
10195 10214
10195 10215
10195 10216
10195 10217
10195 10218
10195 10219
10195 10220
10195 10221
10195 10222
10195 10223
10195 10224
10195 10225
10195 10226
10195 10227
10195 10228
10195 10229
10195 10230
10195 10231
10195 10232
10195 10233
10195 10234
10195 10235
10195 10236
10195 10237
10195 10238
10195 10239
10195 10240
10195 10241
10195 10242
10195 10243
10195 10244
10195 10245
10195 10246
10195 10247
10195 10248
10195 10249
10195 10250
10195 10251
10195 10252
10195 10253
10195 10254
10195 10255
10195 10256
10195 10257
10195 10258
10195 10259
10195 10260
10195 10261
10195 10262
10195 10263
10195 10264
10195 10265
10195 10266
10195 10267
10195 10268
10195 10269
10195 10270
10195 10271
10195 10272
10195 10273
10195 10274
10195 10275
10195 10276
10195 10277
10195 10278
10195 10279
10195 10280
10195 10281
10195 10282
10195 10283
10195 10284
10195 10285
10195 10286
10195 10287
10195 10288
10195 10289
10195 10290
10195 10291
10195 10292
10195 10293
10195 10294
10195 10295
10195 10296
10195 10297
10195 10298
10195 10299
10196 10210
10196 10247
10196 10251
10196 10255
10196 10256
10196 10260
10196 10264
10196 10299
10197 10300
10301 10198
10200 10302
10201 10196
10303 10273
10304 10197
10304 10300
10304 10294
10202 10224
10204 10262
10305 10306
10307 10288
10300 10197
10300 10304
10300 10215
10308 10308
10308 10306
10306 10308
10306 10240
10306 10309
10310 10310
10310 10311
10310 10312
10311 10310
10313 10306
10314 10315
10314 10284
10314 10288
10212 10214
10212 10316
10212 10276
10212 10280
10212 10283
10212 10317
10212 10290
10213 10274
10213 10284
10318 10300
10318 10319
10319 10319
10320 10203
10320 10234
10320 10246
10215 10300
10215 10215
10218 10321
10322 10322
10219 10284
10323 10219
10324 10321
10324 10325
10326 10220
10326 10327
10220 10328
10224 10202
10227 10315
10315 10314
10231 10329
10330 10241
10331 10331
10331 10272
10331 10274
10235 10235
10237 10262
10332 10237
10333 10196
10333 10333
10333 10264
10333 10312
10334 10208
10334 10284
10335 10208
10335 10334
10238 10214
10238 10327
10239 10336
10337 10338
10337 10312
10337 10272
10338 10272
10240 10203
10240 10306
10241 10312
10339 10241
10340 10241
10340 10272
10341 10249
10342 10342
10342 10321
10246 10262
10247 10255
10247 10299
10302 10200
10302 10312
10302 10343
10344 10204
10344 10236
10344 10262
10344 10284
10345 10196
10345 10346
10345 10322
10345 10250
10345 10278
10345 10347
10345 10348
10250 10196
10250 10349
10250 10350
10250 10351
10250 10312
10350 10250
10351 10250
10352 10220
10254 10220
10353 10354
10355 10348
10255 10196
10255 10210
10255 10247
10255 10251
10255 10260
10255 10266
10255 10278
10255 10293
10256 10196
10256 10256
10256 10312
10356 10232
10356 10256
10357 10358
10357 10256
10359 10256
10359 10272
10360 10216
10360 10256
10360 10259
10321 10342
10321 10275
10321 10361
10321 10362
10321 10363
10316 10316
10364 10364
10365 10196
10365 10319
10365 10249
10262 10204
10262 10237
10262 10246
10262 10344
10264 10196
10264 10333
10336 10366
10336 10239
10336 10336
10336 10312
10336 10328
10312 10367
10309 10306
10266 10196
10266 10312
10266 10329
10266 10267
10266 10293
10268 10288
10367 10367
10269 10368
10270 10272
10271 10220
10274 10213
10274 10259
10274 10285
10275 10321
10278 10220
10279 10272
10279 10274
10369 10196
10369 10249
10347 10350
10370 10220
10371 10295
10361 10321
10361 10361
10372 10284
10285 10274
10373 10299
10317 10214
10317 10280
10317 10284
10317 10317
10317 10290
10374 10317
10375 10376
10375 10284
10375 10317
10375 10297
10377 10317
10286 10220
10287 10196
10287 10228
10287 10248
10287 10312
10378 10312
10378 10288
10379 10297
10288 10244
10288 10268
10288 10378
10362 10321
10362 10312
10362 10362
10363 10362
10380 10380
10381 10295
10298 10321
10382 10382
10382 10383
10382 10384
10382 10385
10386 10387
10386 10388
10386 10389
10386 10390
10386 10391
10386 10392
10386 10393
10386 10394
10386 10395
10386 10396
10386 10397
10386 10398
10386 10399
10386 10400
10386 10401
10386 10402
10386 10403
10386 10404
10386 10405
10386 10406
10386 10407
10386 10408
10386 10409
10386 10410
10386 10411
10386 10412
10386 10413
10386 10414
10386 10415
10386 10416
10386 10417
10386 10418
10386 10419
10386 10420
10386 10421
10386 10422
10386 10423
10386 10424
10386 10425
10386 10426
10386 10427
10386 10428
10386 10429
10386 10430
10386 10431
10386 10432
10386 10433
10386 10434
10386 10383
10386 10435
10386 10436
10386 10437
10386 10438
10386 10439
10386 10440
10386 10441
10386 10442
10386 10443
10386 10444
10386 10445
10386 10446
10386 10447
10386 10448
10386 10449
10386 10450
10386 10451
10386 10452
10386 10453
10386 10454
10386 10455
10386 10456
10386 10457
10386 10458
10386 10459
10386 10460
10386 10461
10386 10462
10386 10463
10386 10464
10386 10465
10386 10466
10386 10467
10386 10468
10386 10469
10386 10470
10386 10471
10386 10472
10386 10473
10386 10384
10386 10474
10386 10475
10386 10476
10386 10477
10386 10478
10386 10479
10386 10480
10386 10481
10386 10482
10386 10483
10386 10484
10386 10485
10386 10486
10386 10487
10386 10488
10386 10489
10386 10490
10386 10491
10386 10492
10386 10493
10386 10385
10386 10494
10386 10495
10386 10496
10386 10497
10386 10498
10386 10499
10386 10500
10386 10501
10386 10502
10386 10503
10386 10504
10386 10505
10506 10506
10507 10507
10507 10508
10508 10508
10508 10448
10509 10509
10510 10510
10510 10448
10511 10511
10512 10513
10512 10448
10514 10515
10516 10514
10517 10517
10517 10518
10517 10475
10518 10517
10518 10518
10519 10398
10520 10519
10521 10519
10522 10522
10522 10462
10522 10523
10524 10524
10525 10525
10526 10526
10527 10481
10389 10465
10528 10528
10529 10529
10529 10448
10530 10531
10390 10530
10532 10475
10533 10534
10535 10396
10535 10536
10537 10537
10537 10538
10539 10539
10539 10536
10540 10539
10540 10541
10541 10539
10541 10541
10541 10396
10541 10399
10392 10392
10392 10457
10542 10542
10542 10428
10393 10396
10393 10399
10393 10536
10393 10459
10393 10543
10544 10459
10544 10543
10545 10396
10546 10546
10546 10402
10547 10403
10548 10547
10549 10547
10550 10523
10551 10403
10552 10536
10552 10436
10553 10396
10554 10480
10555 10554
10555 10457
10556 10505
10557 10557
10557 10407
10558 10388
10558 10558
10559 10559
10559 10407
10560 10561
10395 10411
10562 10563
10563 10562
10397 10564
10397 10565
10397 10422
10566 10387
10400 10527
10400 10413
10400 10416
10400 10421
10400 10461
10400 10469
10400 10473
10400 10567
10568 10399
10403 10403
10403 10445
10403 10453
10404 10388
10404 10428
10406 10569
10407 10518
10407 10557
10409 10561
10410 10411
10410 10531
10410 10570
10415 10411
10571 10508
10416 10469
10416 10488
10416 10523
10417 10417
10418 10572
10418 10469
10420 10573
10420 10552
10420 10438
10420 10454
10420 10574
10575 10382
10575 10401
10575 10575
10575 10445
10575 10494
10575 10504
10423 10423
10423 10433
10423 10572
10424 10424
10576 10576
10426 10426
10426 10567
10561 10544
10561 10560
10561 10445
10577 10518
10577 10557
10577 10577
10577 10569
10430 10516
10430 10533
10431 10569
10432 10569
10383 10578
10436 10533
10438 10438
10438 10574
10579 10405
10580 10411
10442 10422
10442 10433
10442 10461
10442 10469
10444 10535
10445 10575
10445 10561
10448 10508
10448 10529
10581 10582
10581 10433
10581 10438
10581 10483
10581 10567
10581 10574
10572 10418
10572 10423
10572 10581
10572 10483
10572 10497
10583 10568
10583 10575
10452 10452
10584 10531
10585 10585
10457 10586
10587 10587
10458 10445
10460 10445
10460 10460
10460 10495
10588 10535
10588 10446
10588 10588
10461 10469
10462 10522
10462 10462
10463 10569
10589 10393
10589 10531
10465 10582
10465 10411
10466 10590
10467 10573
10468 10563
10469 10416
10469 10470
10469 10488
10470 10400
10470 10461
10470 10469
10591 10469
10592 10526
10592 10541
10592 10592
10593 10405
10593 10427
10593 10593
10384 10440
10474 10575
10474 10445
10476 10440
10594 10521
10594 10594
10477 10477
10478 10478
10479 10531
10480 10428
10480 10504
10481 10527
10483 10572
10595 10595
10596 10438
10596 10574
10597 10597
10598 10433
10598 10598
10598 10488
10598 10567
10488 10469
10599 10529
10599 10564
10599 10411
10490 10415
10492 10488
10495 10495
10523 10522
10523 10550
10523 10416
10523 10591
10523 10488
10523 10493
10600 10534
10600 10533
10600 10552
10600 10454
10531 10393
10531 10584
10531 10479
10531 10570
10515 10516
10515 10601
10515 10401
10497 10572
10602 10584
10602 10455
10603 10563
10603 10403
10603 10441
10603 10453
10603 10498
10604 10477
10604 10482
10604 10497
10604 10567
10605 10605
10498 10603
10567 10400
10500 10427
10501 10447
10501 10584
10501 10455
10501 10479
10501 10481
10501 10531
10501 10502
10569 10432
10569 10463
10570 10502
10502 10531
10503 10437
10503 10444
10503 10606
10503 10384
10503 10487
10504 10401
10504 10409
10504 10575
10504 10445
10504 10474
10504 10489
10607 10608
10607 10400
10607 10413
10607 10418
10607 10420
10607 10421
10607 10457
10607 10473
10607 10491
10607 10600
10609 10429
10609 10454
10609 10457
10609 10600
10609 10607
10610 10610
10505 10611
10505 10414
10505 10419
10505 10426
10505 10434
10505 10384
10505 10481
10505 10505
10574 10438
10574 10581
10574 10480
10612 10613
10612 10614
10615 10612
10615 10616
10617 10618
10619 10612
10619 10615
10619 10620
10619 10621
10619 10622
10619 10623
10619 10624
10619 10625
10619 10626
10619 10627
10619 10628
10619 10629
10619 10630
10619 10631
10619 10632
10619 10633
10619 10634
10619 10635
10619 10636
10619 10637
10619 10638
10619 10639
10619 10640
10619 10641
10619 10642
10619 10643
10619 10644
10619 10645
10619 10646
10619 10647
10619 10648
10619 10649
10619 10650
10619 10651
10619 10652
10619 10653
10619 10654
10619 10655
10619 10656
10619 10657
10619 10658
10619 10659
10619 10660
10619 10661
10619 10662
10619 10616
10619 10663
10619 10664
10619 10665
10619 10666
10619 10667
10619 10668
10619 10669
10619 10670
10619 10671
10619 10672
10619 10673
10619 10674
10619 10675
10619 10676
10619 10677
10619 10678
10619 10679
10619 10680
10619 10681
10619 10682
10619 10683
10619 10684
10619 10685
10619 10686
10619 10687
10619 10688
10619 10689
10619 10690
10619 10691
10619 10692
10619 10693
10619 10694
10619 10695
10619 10696
10619 10697
10619 10618
10619 10698
10619 10699
10619 10700
10619 10701
10619 10702
10619 10703
10619 10704
10619 10705
10619 10706
10619 10613
10619 10707
10619 10708
10619 10614
10619 10709
10619 10710
10619 10711
10619 10712
10619 10713
10619 10714
10619 10715
10619 10716
10619 10717
10619 10718
10619 10719
10619 10720
10619 10721
10619 10722
10619 10723
10619 10724
10619 10725
10619 10726
10619 10727
10619 10728
10619 10729
10619 10730
10619 10731
10619 10732
10619 10733
10619 10734
10619 10735
10736 10634
10736 10737
10736 10618
10738 10695
10739 10740
10739 10741
10739 10695
10742 10743
10744 10739
10744 10621
10745 10621
10745 10635
10745 10647
10745 10746
10745 10667
10745 10668
10620 10653
10620 10704
10621 10744
10621 10635
10621 10746
10621 10667
10621 10747
10621 10693
10622 10642
10622 10643
10748 10637
10748 10655
10748 10749
10623 10708
10625 10750
10751 10752
10751 10753
10751 10676
10752 10751
10752 10754
10752 10753
10752 10676
10754 10755
10754 10753
10754 10676
10755 10753
10755 10676
10628 10642
10628 10643
10756 10757
10629 10758
10629 10759
10760 10761
10760 10636
10630 10642
10630 10643
10631 10632
10631 10633
10631 10652
10631 10721
10632 10631
10633 10631
10634 10642
10634 10643
10636 10762
10636 10763
10636 10764
10637 10655
10637 10714
10765 10766
10639 10639
10639 10618
10767 10639
10768 10744
10768 10715
10641 10769
10641 10770
10771 10631
10771 10632
10771 10772
10771 10721
10642 10628
10642 10634
10642 10762
10642 10763
10642 10773
10642 10774
10642 10764
10762 10636
10762 10666
10762 10675
10775 10771
10775 10677
10775 10678
10775 10717
10775 10776
10777 10775
10777 10778
10778 10631
10778 10633
10778 10765
10778 10640
10778 10777
10778 10779
10778 10780
10778 10781
10778 10657
10778 10782
10778 10772
10778 10783
10778 10784
10778 10677
10778 10683
10778 10785
10778 10786
10778 10787
10778 10727
10778 10728
10769 10641
10769 10769
10770 10770
10646 10788
10789 10685
10790 10791
10790 10660
10790 10662
10790 10670
10757 10638
10757 10697
10757 10788
10792 10636
10792 10697
10792 10788
10792 10728
10793 10793
10793 10794
10795 10634
10795 10636
10795 10697
10795 10618
10795 10729
10796 10624
10796 10678
10797 10657
10797 10661
10797 10662
10753 10655
10753 10676
10753 10798
10753 10799
10800 10637
10800 10655
10800 10749
10649 10651
10650 10651
10651 10649
10651 10650
10801 10651
10802 10795
10802 10741
10802 10658
10802 10803
10802 10730
10746 10635
10746 10804
10746 10805
10806 10771
10807 10652
10807 10685
10808 10652
10652 10631
10652 10681
10652 10809
10652 10810
10652 10811
10652 10812
10652 10706
10779 10780
10780 10779
10653 10813
10814 10708
10655 10637
10655 10753
10815 10743
10816 10815
10817 10815
10817 10743
10743 10816
10743 10817
10818 10670
10818 10675
10818 10678
10819 10678
10749 10800
10749 10820
10821 10642
10821 10643
10820 10749
10781 10657
10657 10781
10657 10657
10658 10802
10782 10662
10662 10782
10822 10664
10823 10771
10823 10824
10824 10823
10666 10762
10666 10763
10666 10764
10825 10825
10826 10642
10826 10643
10827 10762
10827 10763
10827 10764
10669 10669
10828 10670
10670 10762
10670 10763
10670 10764
10803 10802
10773 10642
10773 10643
10829 10749
10830 10831
10831 10830
10674 10832
10674 10770
10674 10796
10674 10655
10674 10659
10674 10674
10674 10676
10674 10833
10674 10798
10674 10759
10834 10762
10834 10763
10834 10764
10835 10792
10835 10728
10675 10762
10675 10763
10675 10764
10836 10754
10836 10660
10837 10836
10676 10838
10676 10837
10676 10839
10676 10709
10676 10798
10772 10840
10783 10840
10841 10715
10842 10842
10843 10844
10784 10845
10845 10784
10845 10845
10677 10677
10677 10678
10681 10652
10682 10714
10683 10684
10684 10683
10684 10684
10846 10624
10846 10637
10846 10654
10846 10682
10846 10846
10846 10713
10846 10714
10846 10725
10785 10685
10685 10785
10847 10762
10847 10763
10847 10764
10848 10848
10849 10791
10849 10805
10849 10701
10849 10715
10849 10733
10747 10715
10850 10851
10850 10852
10850 10853
10854 10672
10854 10680
10854 10758
10854 10855
10854 10731
10854 10759
10853 10850
10853 10852
10853 10688
10853 10853
10691 10701
10693 10802
10693 10695
10786 10694
10694 10786
10694 10694
10856 10857
10858 10803
10858 10730
10859 10789
10695 10790
10695 10802
10695 10658
10695 10669
10695 10693
10695 10730
10695 10732
10618 10618
10805 10701
10774 10860
10860 10642
10860 10643
10699 10861
10862 10771
10764 10670
10863 10762
10863 10763
10863 10764
10833 10833
10839 10655
10810 10706
10811 10652
10811 10810
10811 10706
10812 10809
10812 10706
10706 10652
10706 10809
10706 10810
10706 10811
10706 10812
10613 10807
10707 10657
10707 10708
10614 10623
10614 10631
10614 10852
10614 10708
10711 10807
10711 10808
10712 10711
10714 10637
10714 10682
10714 10725
10864 10715
10715 10844
10715 10864
10715 10715
10798 10753
10798 10655
10718 10663
10718 10719
10865 10624
10866 10720
10720 10642
10720 10643
10720 10866
10867 10762
10867 10763
10867 10764
10721 10771
10868 10721
10776 10869
10799 10753
10870 10642
10870 10643
10787 10722
10722 10787
10722 10722
10725 10637
10725 10655
10725 10714
10727 10728
10728 10727
10871 10769
10730 10802
10731 10753
10731 10800
10731 10655
10731 10872
10731 10676
10731 10833
10731 10709
10731 10798
10731 10759
10873 10769
10873 10679
10873 10692
10873 10730
10874 10727
10875 10638
10875 10657
10875 10836
10734 10618
10876 10612
